100
4 169
178 197
80 29
92 192
116 102
102 38
189 45
157 155
145 199
88 49
95 80
174 147
77 51
161 78
87 177
34 56
89 140
111 166
198 14
141 182
99 131
13 149
188 135
36 142
14 2
142 94
191 35
55 77
1 20
98 111
48 175
173 8
88 164
171 79
117 116
63 129
184 83
116 180
184 88
22 45
151 127
78 105
11 119
172 34
159 4
108 174
185 47
73 87
50 129
129 192
116 66
120 126
1 97
134 55
137 138
124 67
18 10
195 68
156 117
177 7
130 17
81 106
149 52
89 194
192 153
130 183
133 33
104 58
106 118
94 193
80 110
130 32
8 180
153 82
140 147
183 150
197 107
64 66
121 11
168 94
81 191
120 127
127 105
6 173
95 102
193 65
131 153
109 41
80 200
78 62
11 76
119 116
154 75
117 28
164 200
192 36
99 124
91 118
114 138
129 45
