200
2000 1735
1399 1597
64 1665
1455 1253
1452 175
156 1092
1793 1977
669 1831
188 1714
726 1466
1945 298
416 1791
1969 308
418 614
963 185
266 285
1633 1835
780 1750
733 1186
614 161
440 1214
842 1353
1132 1060
31 1583
662 86
194 278
1374 4
1325 148
812 1142
431 1475
1885 120
612 936
996 1128
190 1814
1181 752
637 798
1387 128
84 1903
1482 1391
292 1254
1067 1671
1987 844
1729 242
1706 1305
617 1388
1318 783
1894 109
1603 476
1294 1171
883 1154
924 762
1997 1269
1362 219
1936 1700
1230 1805
1503 39
303 1626
98 817
879 771
1558 891
1210 1820
1855 1122
1168 262
1123 384
764 1533
1819 135
1561 1679
366 1539
548 1522
1826 266
1044 1234
1084 559
1623 1008
1900 1098
1144 1579
1632 995
1764 666
1877 1446
1844 1638
1015 1037
1209 221
1107 818
1113 965
176 1269
486 418
848 153
456 1421
827 1093
1645 1294
391 958
497 1415
915 657
216 1019
759 1765
1670 415
709 187
16 56
1295 1131
734 750
1403 320
76 56
114 1989
89 1172
1027 480
1984 1098
1006 297
1784 1245
404 1319
775 1135
1677 204
331 316
1814 911
1911 843
345 1884
797 156
1548 818
1495 1542
1767 523
1890 598
1737 626
921 1343
1577 148
1000 945
612 956
882 1208
1036 594
634 1202
978 236
1336 399
1429 1116
414 718
101 1214
640 1958
199 480
1783 1901
1132 1023
1452 731
507 1839
1927 1542
1141 130
1521 858
1036 701
826 1458
1209 1374
1558 1379
1160 923
1270 1619
3 803
1929 442
1836 214
988 206
630 1594
1740 1358
544 952
1185 674
1899 632
340 26
285 291
1035 996
8 103
627 666
1730 1629
398 274
1728 1977
975 1060
1811 1847
10 1028
343 919
791 1275
1678 1432
1261 823
268 201
1798 1786
1271 616
48 1617
199 1476
1465 1610
916 1643
1393 1055
1925 270
1342 144
1906 167
27 1006
721 1587
1103 413
575 330
1637 2
103 1032
1039 1690
823 99
746 1750
1858 808
1884 302
1315 1415
584 401
1227 1701
1706 1846
1308 1081
1484 1850
1154 1246
