100
125 29
140 111
64 172
100 76
13 61
126 155
1 82
145 138
80 83
184 128
34 71
23 90
51 19
25 2
34 110
166 18
20 145
105 79
179 39
118 58
113 42
189 49
130 179
74 47
82 82
2 126
17 178
61 117
140 23
154 16
194 186
113 2
181 25
61 84
113 139
82 139
54 48
80 16
117 161
188 104
6 82
166 57
81 111
192 43
80 156
160 193
24 194
186 45
106 121
93 199
28 90
35 69
110 15
134 47
30 172
141 137
180 66
161 13
176 123
96 180
180 25
105 32
48 143
6 7
135 79
104 91
73 79
21 165
178 120
78 168
167 43
76 154
48 109
42 196
47 44
48 170
50 170
53 67
185 139
54 194
10 17
118 70
61 154
121 160
81 155
199 123
154 105
171 44
64 176
134 177
38 162
165 119
118 22
99 2
146 77
130 131
89 64
61 142
156 138
188 108
