100
487 663
1584 722
185 465
1267 194
1770 1093
708 1558
836 1844
820 1847
837 2000
1569 831
22 1933
1500 100
712 1911
540 1548
369 1764
771 1432
909 540
775 300
1033 659
1612 1432
967 948
225 901
718 1235
1732 575
857 158
1741 1962
414 1689
800 171
1036 1722
924 37
1283 1436
1765 1500
682 1009
1065 652
500 1415
1720 1966
255 515
1606 313
858 630
1716 1072
878 296
277 1177
1094 1115
1 1206
1139 491
856 896
1878 1820
1907 663
514 414
119 1335
1236 419
1491 777
1383 174
291 990
1161 845
1913 1098
658 669
638 866
208 1067
1353 154
295 57
1694 1145
1141 1306
1377 515
895 616
1242 1293
972 1693
471 1808
812 140
1806 364
1853 627
139 1278
1998 1086
1195 678
1366 738
1766 1056
581 724
1076 1758
1485 510
220 525
1933 1324
912 507
1064 151
738 456
379 227
1172 1727
504 1431
924 1374
824 1983
1949 1652
1471 1232
1747 853
1931 1063
687 568
1219 1307
755 673
12 56
69 471
520 118
1779 1901
