100
1023 1353
845 1985
918 193
1428 327
236 1922
261 662
1259 176
762 1494
925 303
1607 95
998 1272
1056 349
860 1583
1989 1290
125 367
996 81
1102 328
680 659
1069 983
268 982
770 1503
282 1550
1946 1602
1836 1368
520 92
520 928
1971 844
1213 749
665 1998
1739 60
583 1125
1118 1494
1969 1362
717 1187
188 375
1393 1683
1898 1466
1845 223
1416 1114
992 1646
1720 9
1068 898
614 151
1723 351
1868 272
1815 1417
1125 450
522 1793
1651 841
228 396
1675 46
804 123
1807 1215
1132 852
1565 384
752 213
42 1585
1761 1997
90 1450
1906 1754
543 730
772 213
1665 1780
1811 493
1211 472
1970 1285
93 878
1075 1784
1944 1248
241 1758
54 1734
1864 1870
1245 497
1801 1993
1339 949
923 1080
1970 1324
185 960
1904 781
943 37
641 1725
1628 722
242 541
757 541
1060 212
1356 1815
1086 798
359 1462
1422 357
182 347
1996 1284
710 1554
944 477
794 348
358 416
973 1582
1422 402
1214 1609
1821 440
480 563
