200
1726 1935
1479 650
1985 1163
1577 1265
503 1222
387 1228
354 1055
1080 1504
1445 687
1625 846
697 379
134 31
1177 1731
1425 1274
563 1954
417 1578
995 146
336 1823
1484 470
1509 1837
469 901
838 1962
1507 1925
1500 20
1648 1167
1274 1391
1827 114
773 1859
598 300
1871 118
923 1520
424 1978
1776 341
561 1526
599 1396
914 995
65 495
550 1267
1927 612
954 874
1259 860
1973 1407
1558 1993
743 358
1951 1909
724 746
275 883
125 284
1735 1540
1283 1598
440 322
889 603
372 674
1029 856
1064 1837
123 101
1168 180
1219 1885
125 659
1587 1594
1207 948
666 304
841 1685
1420 982
358 438
1210 1637
1555 1025
245 1320
333 1089
1006 114
1280 790
765 467
989 1282
540 1099
1203 1462
339 1042
1165 319
705 350
1697 1276
331 1421
1442 688
1733 1694
547 1683
728 540
1617 170
1741 934
695 566
55 1340
1072 1295
449 437
1940 269
1602 798
67 1435
438 480
1168 1219
13 1621
383 884
1176 1878
1641 1629
864 1527
147 1515
1420 1511
1234 646
1819 307
979 1394
1376 1154
428 26
1910 622
488 1269
1030 1486
951 1980
1981 1014
392 1751
1761 1465
1739 1660
215 1490
582 1859
755 1643
659 204
1374 773
1863 1910
507 1225
81 213
1665 371
934 1576
1730 492
1094 450
1745 76
1055 562
1170 1666
1830 1402
1596 1119
265 829
959 1725
1048 859
1929 871
1243 789
390 164
602 1504
93 440
880 1713
1213 624
1266 1306
689 865
1134 260
717 1597
145 1275
369 938
496 947
1146 1875
229 1537
614 221
560 1818
913 1441
700 384
416 617
587 1372
1529 1952
1054 265
975 863
1370 1014
174 918
1800 320
293 1775
1554 1019
797 142
719 1567
1851 1506
1672 32
983 1139
1275 590
108 824
482 1662
1198 1432
847 1989
1729 1494
991 1505
1544 1928
30 625
28 382
1062 717
407 767
1376 1923
632 108
1533 1076
190 1346
1475 1447
1237 82
1374 1964
1862 34
771 571
529 578
85 350
1142 575
1060 1568
79 542
565 775
866 1506
563 1163
52 782
