200
1684 957
1593 1684
1229 1789
18 1608
1972 343
1404 472
597 1587
1846 877
785 1183
11 1082
686 1632
1571 839
1475 1786
752 790
1954 996
1388 2
1132 1796
1945 483
1288 1640
620 610
56 1111
1230 595
1828 1190
710 1735
910 41
1512 49
406 1280
1463 548
1021 1382
1729 85
716 1618
664 575
1394 1717
255 1324
651 1178
129 1826
869 1123
1380 810
1045 1036
189 1143
221 1586
625 149
859 1169
460 1564
1461 1725
297 565
1200 959
1317 1371
1507 1671
1741 1171
910 500
104 1262
251 499
279 1554
374 94
1500 653
1275 1361
781 1753
824 890
1037 1999
1341 317
1209 485
1779 799
1923 103
1553 1429
1086 819
259 1196
600 1467
857 1972
66 1385
910 1540
1488 1149
374 189
300 1257
1485 1371
1935 593
15 407
1156 729
1331 1337
1541 1204
1913 1377
1081 485
559 742
390 434
1495 1277
1603 383
869 1515
499 1482
407 1301
1425 742
1121 746
1290 428
1975 223
437 1106
228 619
590 492
1322 1720
1233 198
1257 103
1941 217
1366 1103
1646 717
1187 412
694 1360
1027 1506
703 1097
1788 1226
107 1843
1333 1476
1960 316
153 709
1518 1496
1068 1501
834 792
1604 1759
1242 878
555 1446
343 1644
97 88
29 1406
18 904
1865 962
753 982
1169 1898
859 374
408 51
1134 449
1960 1240
1610 1858
1960 1626
132 9
387 161
294 1339
13 539
361 1437
432 1953
970 1912
764 1357
343 9
1396 382
40 219
1293 874
1624 1624
119 1806
1021 522
1641 1860
678 771
610 109
1129 1336
1337 1677
1535 1865
664 839
1299 1765
438 196
1596 1920
1941 86
1496 747
263 168
165 1225
346 425
1458 1524
656 1689
552 713
1827 650
648 1498
631 277
796 1027
1625 1250
1954 393
517 1882
487 1438
1279 1246
200 1074
251 82
305 1639
487 750
176 326
1225 418
1185 236
843 1797
1655 654
1903 1762
1127 47
630 1120
772 48
1661 741
856 544
739 1887
400 1803
1839 778
822 520
438 48
348 1460
158 756
564 1964
1563 1082
1767 1403
226 871
106 1464
693 818
