200
861 944
674 588
747 1582
1356 1680
295 1934
1655 490
1634 1221
1391 452
1429 925
1364 555
791 1066
203 1934
424 205
1063 206
1703 1781
1333 847
1205 353
1335 694
1312 1197
494 872
479 1589
1303 1289
1347 540
1355 960
1907 1051
1453 478
1807 1727
819 1698
1933 1999
1897 1222
402 1017
1585 1020
1628 823
1769 552
1372 360
1205 328
745 1301
947 101
80 206
474 1145
1367 1425
1732 54
1917 1414
1652 1368
816 582
880 1349
1308 985
920 977
552 1090
64 1469
1104 1458
1081 616
973 1662
857 803
116 462
912 1308
70 256
1435 1649
1375 301
1595 665
1975 447
1396 36
1229 448
1115 325
39 1619
109 1698
759 567
876 1800
269 1735
314 942
1541 1352
1512 355
1036 1905
1346 1311
595 856
1315 1376
317 789
660 979
913 311
807 1288
329 852
490 106
1517 1254
82 414
1676 1039
1203 585
1423 1986
1474 1946
18 1791
845 1282
1811 260
1659 1689
1774 414
953 1800
1283 436
975 1961
7 1389
1661 1884
170 188
686 709
327 296
252 686
615 72
1713 1627
623 727
1639 662
142 1583
1765 1685
900 1671
1546 287
1401 762
895 725
1339 785
389 1868
1221 853
88 1720
922 1999
1823 1453
1119 913
772 1917
1357 811
1352 614
1437 93
1874 673
1359 1410
1449 351
938 982
228 999
748 157
1186 1849
849 1020
564 1656
1932 1823
775 390
843 620
1728 200
600 329
262 1529
282 193
555 177
1593 1500
92 374
767 996
588 258
1064 999
971 259
632 1962
1241 1374
406 448
432 873
1546 1981
1798 1126
1152 321
1515 138
477 1120
389 152
1954 1342
1478 1324
739 134
1150 445
349 1429
47 156
559 404
1508 867
664 202
1975 69
487 42
1578 602
1340 1744
13 425
1269 1770
1423 1223
356 1383
939 393
591 1202
590 724
242 1317
554 1996
1093 976
918 1090
1778 1437
19 404
800 1980
1491 1469
1344 735
1002 1391
832 1446
1378 1819
526 1625
589 735
881 498
1992 1335
1416 379
757 807
406 1765
1681 612
1291 1515
619 1476
973 147
1136 1541
