200
292 619
453 892
499 742
469 680
179 684
315 768
193 915
143 821
98 877
312 996
237 722
137 754
249 605
373 840
423 535
403 557
3 778
138 897
439 987
326 918
97 751
481 700
330 757
382 907
290 656
391 557
5 535
472 877
219 670
417 962
320 904
394 756
197 703
345 691
269 699
428 671
17 795
168 551
298 932
346 679
387 829
453 857
86 944
30 747
159 665
158 942
253 640
106 912
254 936
112 794
147 558
345 970
39 589
269 870
190 626
105 851
149 648
230 727
337 642
31 989
228 517
474 580
217 995
149 701
74 598
341 872
73 573
470 820
42 813
52 681
464 803
101 652
58 779
337 733
254 651
469 994
309 848
239 565
410 530
275 951
52 800
39 629
247 897
63 674
343 784
118 843
131 899
92 900
475 576
286 662
210 936
265 560
243 777
343 568
3 760
81 875
48 512
80 895
243 572
376 653
189 936
310 642
396 680
28 605
71 771
193 883
444 585
157 932
359 999
400 905
62 725
329 680
468 903
499 881
342 829
169 920
482 979
37 618
244 896
46 837
488 567
297 609
55 649
245 895
246 690
441 966
194 828
287 913
472 736
266 927
313 783
486 643
89 904
202 941
201 870
337 509
473 901
319 829
470 678
388 746
407 915
357 600
56 893
454 580
44 889
489 659
379 705
238 875
471 576
169 784
110 898
426 597
310 963
293 547
56 953
89 540
20 581
475 951
248 504
469 787
238 851
409 647
470 515
332 958
140 920
225 689
281 824
246 922
317 794
413 607
352 712
94 831
364 837
312 860
8 615
431 994
454 759
76 710
213 936
43 929
471 896
152 620
7 723
33 848
415 749
148 682
476 969
410 625
74 686
244 941
2 910
156 514
227 580
350 901
328 925
468 941
449 509
92 804
229 866
108 875
