300
11815 29743
8440 25552
11089 22801
4065 22110
1364 18201
3403 26909
12465 29748
13271 22441
14391 19770
10810 16315
2507 24154
9397 25271
3161 17370
651 24078
244 29959
6616 15551
8448 27766
11139 17826
9810 19827
13033 29117
3489 23329
5411 23423
4881 24122
4139 26482
6044 18824
6332 20785
12314 27490
7399 27688
5724 20482
3319 24236
14771 17712
2245 26671
14080 28329
2755 16202
5230 27754
9751 29982
5901 23295
11159 24579
4004 25808
10837 20856
2257 28579
7972 16849
6798 24186
9063 28802
4074 15043
5437 17207
9750 24361
8690 25590
600 22147
11740 18657
940 28805
2247 17862
2106 17832
13658 24445
11796 28949
13732 26335
11378 25412
633 15289
7785 18471
7695 21225
13547 20206
12720 28004
10317 17379
6996 28844
547 28798
3022 21455
9462 29259
3828 18790
4117 29346
8436 28088
9847 21357
1931 15461
11259 28632
2510 19744
632 25820
4126 28044
897 21088
12195 23702
11389 17554
2397 27800
5315 16888
8348 24952
8773 17494
5337 16906
7663 15182
10614 24481
12576 28898
2571 19141
4067 19500
2674 15218
4873 18963
13630 17446
7653 16322
9219 29941
1923 18524
507 27470
14234 23859
7565 16396
7092 28996
5386 24887
7470 26517
7070 22878
12774 16545
4995 18461
4601 28541
10810 22631
13868 21320
5999 17497
612 18706
13633 15334
5914 17114
6670 16652
3500 18192
14817 19348
1830 29289
13938 16631
404 26015
1092 16067
11868 18046
1478 26462
13830 22898
11137 22896
11597 29722
10367 22163
13600 23916
5120 29504
1838 26513
544 29438
5325 17321
7643 28756
7264 21105
12728 29143
14242 19921
6032 18973
6013 22852
14573 20526
3679 16733
6115 27511
10304 19545
6173 27692
6419 27153
7296 29912
9282 26070
6726 19078
1260 21485
13309 29864
13083 29005
11825 24165
6854 24237
14287 20670
13177 24922
2163 24465
7721 28059
5077 19350
3563 23473
6339 15321
7959 16488
1220 27000
4529 29473
8350 18480
12159 16235
3486 22283
1502 25014
2374 22781
11278 21053
6307 16749
11202 28556
1350 27822
5868 20116
8188 18217
1926 20655
4717 21643
11451 21414
14197 25439
2421 19872
7746 25045
2437 29015
3003 25005
12500 15715
874 25197
4070 18856
9452 20313
6147 28969
2156 24699
4605 20063
1701 15575
9330 20766
6484 23784
12996 20266
8325 28547
8488 18526
12319 18819
6212 25691
3108 21466
13090 24625
11482 25400
5052 29271
3568 15847
5678 29456
13762 20266
11631 29942
11019 25109
4826 22704
14031 27991
3167 23551
11358 22346
1176 28756
6953 21833
4655 18878
6160 28600
8114 20535
5378 15142
13429 27478
11548 25832
8434 20887
13061 27341
10767 27121
11781 21920
11348 26339
10875 22194
12438 29780
11327 25748
13416 23220
13501 19953
9352 23042
8805 17657
1279 21061
8861 18971
9010 17654
4638 20035
4723 29486
5513 21208
13460 18504
1953 15105
1933 24004
6801 29359
4379 28519
6673 23596
7404 27684
185 28494
4926 19984
1465 22184
6200 19249
1607 16441
5344 18163
11902 24196
2966 22504
5845 23331
918 18555
1607 20396
438 23427
7903 16603
14638 20706
5825 26753
8221 24472
1050 19622
8455 23587
1142 24169
7320 15990
10000 21605
10252 27927
82 22364
2628 23510
1974 29958
3366 28033
12818 15361
12284 26449
14234 16090
12891 26145
11771 24859
11220 21567
3271 20557
8472 21004
14200 23520
3146 17463
10555 20796
11761 26389
10843 27617
10812 28613
12808 27439
9211 25089
1879 26596
3480 19028
4074 25682
12393 22385
4653 15110
12442 29868
7338 28352
1665 16769
2659 19450
5571 26886
9226 24796
944 18958
4698 24128
8781 17823
13362 25354
3646 15936
8383 15381
14352 20045
8261 19678
