100
5 5
15 1 15 2 12 
20 11
19 1 9 20 20 19 13 17 8 16 6 9 10 15 7 22 25 5 24 5 
25 19
3 5 15 6 5 11 4 17 3 7 19 17 5 21 24 21 20 20 7 19 6 1 23 18 5 
5 2
3 11 7 24 13 
4 29
5 12 25 16 
18 29
4 15 6 1 16 16 9 17 19 25 9 3 3 10 19 16 22 7 
11 13
3 2 12 6 9 22 13 20 1 2 5 
9 23
3 5 4 12 5 25 9 13 1 
25 13
20 22 12 12 17 7 17 5 21 2 20 4 14 14 16 20 8 16 18 20 22 19 13 15 19 
25 19
16 22 18 14 2 8 13 7 16 11 1 15 13 8 2 7 9 3 21 7 11 18 13 25 13 
7 11
2 12 15 23 18 5 13 
12 7
9 16 23 10 2 7 19 11 25 22 1 15 
11 5
14 16 25 5 22 1 21 14 13 19 20 
13 19
16 10 1 21 3 23 14 18 10 18 10 11 16 
17 3
3 25 20 4 25 12 22 25 20 21 12 25 8 11 6 7 19 
21 31
21 4 3 17 8 2 25 9 3 16 13 12 19 18 3 19 13 22 6 17 3 
1 7
3 
25 7
22 23 12 4 22 7 24 18 20 1 20 8 7 17 13 15 7 13 9 5 6 9 5 8 14 
1 29
16 
15 3
12 8 13 18 17 3 13 12 14 4 23 23 8 2 19 
24 13
4 3 4 2 9 20 8 24 10 16 21 12 8 2 11 23 17 9 17 10 13 24 21 25 
11 2
12 17 10 22 13 5 12 13 7 17 5 
8 5
6 19 22 6 18 12 14 9 
17 29
11 14 19 8 10 22 2 17 18 19 24 11 6 3 8 16 12 
7 13
4 10 14 12 15 13 16 
8 3
3 17 4 5 10 6 17 4 
9 19
12 4 3 12 13 3 23 10 18 
13 31
2 14 20 3 5 7 17 9 17 17 3 13 16 
2 13
8 12 
25 7
16 6 18 3 20 25 12 20 4 16 14 16 5 4 22 10 23 11 19 19 14 18 6 22 2 
9 7
23 12 3 11 10 3 23 13 15 
21 5
13 3 19 14 5 17 13 2 23 17 11 13 5 15 12 15 24 7 10 24 17 
17 3
19 22 23 4 25 10 17 3 17 6 10 23 2 6 25 6 19 
17 7
9 4 5 18 6 12 24 4 18 20 21 16 9 25 6 10 2 
1 7
12 
3 23
11 4 21 
3 17
14 20 12 
6 11
22 25 1 13 24 23 
8 2
1 7 7 21 22 18 5 25 
25 17
5 19 21 1 11 22 2 18 16 6 14 20 14 11 5 21 6 16 25 5 17 8 7 9 19 
6 23
1 13 12 25 14 1 
8 3
10 6 8 8 19 5 12 1 
7 7
13 13 2 9 6 22 13 
7 19
8 3 13 15 9 15 10 
17 13
16 8 1 23 19 7 24 7 3 12 4 19 22 12 16 4 25 
14 3
18 4 1 12 9 4 18 8 25 19 14 15 1 20 
3 3
10 8 5 
25 31
2 22 2 5 25 16 16 12 19 11 8 7 2 6 11 2 10 5 9 22 25 13 20 13 6 
14 23
18 8 25 11 22 5 1 10 6 2 6 8 2 13 
1 11
4 
19 17
2 16 14 16 2 25 18 1 12 24 25 23 10 22 21 7 15 9 22 
22 19
2 16 9 4 1 1 23 23 21 18 6 12 17 18 2 20 25 15 3 9 16 15 
18 23
5 24 21 5 3 22 6 6 5 6 20 17 18 24 8 18 1 22 
19 5
21 15 11 9 22 1 3 15 8 8 18 18 1 10 23 8 21 23 6 
5 7
17 4 21 24 23 
4 13
9 23 7 5 
7 7
3 2 24 1 23 7 8 
24 2
15 13 2 6 22 16 22 12 14 15 12 7 18 15 12 8 8 15 14 21 10 8 19 1 
13 2
19 8 17 16 15 4 13 18 6 2 15 10 14 
1 3
21 
25 19
21 15 2 24 16 23 10 9 12 5 10 14 3 18 4 19 12 18 11 21 15 3 14 17 24 
19 7
4 2 1 3 1 16 10 8 13 22 21 11 24 12 10 15 25 23 8 
19 17
2 18 7 25 24 20 17 3 10 20 7 21 13 9 9 7 22 7 25 
3 19
5 14 11 
18 17
2 13 17 6 24 13 10 23 15 18 18 11 14 3 11 14 10 23 
18 2
11 10 19 13 6 11 2 23 8 6 3 9 16 13 2 19 24 23 
23 19
4 25 25 4 8 20 10 21 11 7 18 17 3 21 23 20 1 15 6 12 25 2 22 
5 19
24 6 19 22 18 
22 5
16 17 1 4 22 7 2 2 14 21 24 24 9 25 3 5 5 5 17 25 6 24 
22 7
4 2 17 21 4 24 15 21 8 3 23 12 25 9 7 3 8 9 16 10 13 17 
15 29
5 10 3 6 18 8 5 8 1 2 13 20 11 11 1 
21 23
9 1 6 23 11 3 16 23 25 23 9 8 3 1 6 6 24 1 11 5 19 
10 11
9 25 2 4 5 10 15 16 6 18 
24 2
21 8 14 19 9 20 8 15 23 16 16 14 20 19 5 19 8 3 17 8 2 21 20 12 
5 19
21 18 5 15 10 
9 29
6 2 13 12 15 19 14 13 24 
4 11
18 25 13 17 
11 31
12 11 17 17 15 10 10 4 15 19 8 
6 17
15 2 3 25 22 6 
24 13
14 5 10 24 18 22 22 18 15 10 15 21 12 22 13 10 24 23 10 18 5 2 6 7 
22 13
19 5 8 11 8 15 19 17 4 24 12 23 24 10 23 23 21 22 12 23 10 24 
3 31
15 19 16 
21 31
18 9 22 22 25 18 24 22 14 11 10 22 6 14 4 4 6 18 14 12 6 
15 3
20 9 19 17 7 18 25 8 11 24 5 1 18 14 8 
17 29
3 23 16 6 21 2 24 16 20 8 16 3 20 9 2 15 18 
9 23
23 4 6 20 8 2 13 11 8 
22 5
25 12 25 4 18 18 7 8 3 11 24 23 5 12 17 14 16 8 13 2 22 12 
5 31
5 6 16 10 7 
18 3
3 7 17 3 2 25 6 5 18 14 17 10 25 10 11 11 22 8 
14 31
14 20 9 11 16 19 15 25 9 2 25 1 7 13 
19 29
23 16 22 6 13 25 19 6 14 25 19 18 2 23 18 8 2 20 5 
7 7
20 19 19 2 8 11 5 
24 2
3 19 6 1 13 21 8 4 2 23 1 10 23 18 10 12 15 5 14 22 1 6 17 15 
13 29
25 17 3 23 8 1 11 5 13 13 11 10 20 
17 2
7 12 19 21 12 18 15 12 5 8 19 18 4 3 5 24 22 
25 29
15 15 16 18 25 2 14 17 18 13 13 19 25 19 1 7 18 23 21 12 22 15 10 8 4 
15 29
18 11 14 21 20 10 4 2 12 8 2 12 18 1 5 
13 13
13 14 4 1 4 21 11 2 19 11 4 1 6 
15 31
17 2 21 7 11 8 18 11 14 23 7 4 15 24 19 
10 17
12 11 15 3 10 12 7 10 23 16 
