100
10 23
5 12 17 4 12 19 17 6 18 20 
24 19
23 22 4 25 12 2 8 9 8 19 25 13 7 3 14 13 5 17 6 7 2 16 21 19 
20 7
17 20 24 15 16 22 11 22 6 12 3 4 4 8 15 4 5 22 25 13 
9 7
17 16 6 15 4 21 18 3 21 
21 23
20 9 25 18 8 19 14 25 22 21 10 14 19 13 12 19 20 14 8 11 16 
17 19
6 18 19 16 10 6 1 5 19 5 25 2 7 10 12 2 7 
20 3
1 5 6 11 6 15 5 11 24 16 21 11 19 12 24 11 22 25 14 8 
2 2
8 25 
13 23
16 17 11 20 23 4 5 9 10 18 25 9 13 
4 17
16 16 13 20 
12 31
6 25 19 8 1 4 6 18 6 21 14 22 
5 23
14 4 3 1 17 
17 19
12 10 14 6 1 16 12 19 13 16 17 18 1 21 13 5 17 
8 17
14 3 13 8 13 3 10 25 
13 17
5 22 18 5 22 17 4 6 4 7 12 4 9 
21 29
7 25 20 22 8 9 7 17 7 16 13 14 4 24 17 19 14 13 11 10 11 
12 7
4 22 12 6 18 14 9 19 15 17 6 2 
6 5
17 16 17 10 3 12 
4 5
3 21 8 6 
8 2
12 22 3 2 7 1 16 22 
20 5
25 16 2 13 17 15 3 13 11 24 4 5 5 14 22 4 23 22 12 25 
24 19
23 7 7 8 22 2 9 22 18 18 15 25 4 18 6 14 5 8 16 3 24 17 24 10 
15 2
12 5 2 1 4 21 7 8 5 24 9 1 15 20 10 
18 2
23 19 8 24 5 22 8 9 22 1 11 15 1 23 5 2 11 17 
9 2
22 10 11 16 22 10 8 8 24 
9 29
7 19 19 23 24 4 6 18 4 
3 7
19 15 15 
21 31
8 24 25 22 15 11 11 25 6 17 20 12 6 11 5 11 22 12 10 9 9 
6 31
17 11 5 2 11 20 
15 3
5 21 6 12 9 18 10 21 16 5 20 18 7 12 8 
7 5
4 20 13 2 4 18 7 
16 19
4 16 20 22 14 6 22 1 1 4 25 2 24 3 3 24 
20 11
16 4 20 6 1 21 22 25 11 18 2 2 20 13 13 4 6 15 24 13 
14 7
11 24 10 3 24 12 4 25 11 8 1 13 20 15 
10 2
23 12 23 24 24 14 4 10 10 22 
23 11
6 25 20 18 21 15 20 18 14 6 7 19 15 14 22 1 8 24 12 16 10 13 14 
10 29
19 5 24 7 24 22 22 11 10 7 
8 13
9 22 16 23 21 19 24 24 
25 2
19 21 18 9 24 22 23 19 9 22 1 8 16 15 8 7 19 1 15 2 5 7 25 8 4 
19 23
13 16 22 5 5 19 6 12 25 5 5 15 14 5 23 12 3 11 14 
5 7
1 5 25 1 4 
18 31
10 9 25 9 11 14 23 15 18 13 6 16 8 20 5 5 15 2 
17 11
1 7 7 18 4 13 14 13 3 10 11 8 4 19 9 15 13 
24 31
3 9 7 21 5 11 21 20 12 5 24 7 22 9 11 23 18 25 15 1 5 25 16 7 
18 7
14 19 11 15 7 12 12 21 19 22 5 16 22 8 22 1 9 15 
6 31
7 23 14 25 6 16 
3 11
20 3 19 
2 31
6 25 
7 19
25 4 20 4 7 4 19 
9 3
4 6 18 25 5 16 15 16 2 
14 19
3 13 6 1 24 2 8 25 6 15 17 22 11 17 
6 7
1 24 7 10 6 25 
11 23
3 7 12 15 14 10 9 3 3 22 13 
14 17
17 3 23 22 13 16 16 3 19 12 5 18 24 20 
11 23
21 1 21 13 11 2 7 5 2 9 19 
15 3
14 13 14 5 4 25 13 23 15 18 24 15 1 9 24 
20 19
22 24 9 5 4 21 7 25 19 7 24 4 13 23 6 16 7 5 25 22 
19 19
17 8 7 14 18 6 20 13 10 12 5 17 25 23 12 25 14 22 1 
7 19
18 18 6 10 6 4 21 
5 19
4 25 9 6 11 
4 7
8 18 10 10 
24 23
14 1 23 16 1 23 8 23 13 6 18 2 11 25 5 17 24 15 13 12 17 3 1 14 
12 11
12 6 12 15 12 18 6 15 9 18 8 7 
15 11
14 12 3 3 10 9 14 13 23 16 19 11 15 23 5 
6 17
9 21 1 16 20 22 
10 17
19 12 2 11 21 17 22 22 25 11 
10 7
14 18 12 11 13 3 4 25 13 24 
2 2
11 4 
17 2
20 13 20 14 25 17 3 25 3 7 20 13 19 20 17 21 8 
15 31
6 5 23 21 4 2 13 4 13 24 20 23 20 1 22 
12 3
22 5 3 17 12 23 15 6 1 3 19 22 
10 19
14 21 16 13 21 9 9 10 5 8 
6 19
2 3 3 15 21 18 
22 5
2 3 21 24 6 25 24 23 25 9 22 19 11 13 11 19 23 25 20 10 10 20 
25 19
25 17 18 6 8 12 7 8 22 7 13 23 10 12 6 1 25 5 11 4 13 15 19 6 5 
20 11
11 5 3 16 2 21 14 20 23 7 4 17 25 10 7 3 10 16 22 19 
15 2
21 17 7 8 20 2 13 5 13 3 25 7 14 1 13 
5 29
5 18 19 11 23 
9 19
7 24 13 9 9 14 6 25 3 
3 29
24 17 8 
19 19
13 12 16 4 12 21 23 15 24 3 23 17 3 19 3 9 23 2 24 
8 2
22 13 6 7 15 7 14 1 
9 3
13 23 21 25 2 15 9 8 17 
7 13
21 9 1 15 6 5 23 
9 23
7 1 9 7 12 20 19 22 16 
15 17
19 22 15 23 9 12 15 4 2 17 24 21 25 18 16 
7 23
17 11 8 23 23 3 9 
24 5
5 13 15 24 9 9 23 25 22 2 4 23 18 19 10 23 8 4 11 6 16 13 10 6 
21 7
11 10 18 18 4 25 9 7 16 22 5 22 22 12 23 25 11 17 11 9 7 
15 31
22 7 20 1 22 25 3 21 9 6 15 10 20 23 17 
19 23
13 4 5 25 21 2 25 16 6 9 20 4 9 23 15 22 14 8 19 
6 29
2 13 23 20 3 8 
15 19
16 13 25 9 19 10 1 3 23 3 6 8 12 7 1 
25 13
15 12 23 19 21 10 10 24 8 9 22 5 23 10 3 17 24 15 20 3 12 5 1 3 13 
20 3
9 20 5 2 22 20 20 19 13 12 1 10 19 14 7 19 13 19 7 4 
21 3
9 15 9 13 18 17 6 19 10 14 20 24 3 14 6 19 18 1 22 22 10 
20 17
8 24 12 25 15 12 7 20 23 18 1 2 16 15 9 23 6 3 23 11 
24 11
8 17 5 16 5 15 22 4 9 18 22 12 20 5 18 15 6 14 24 4 14 3 14 7 
23 17
17 16 25 15 23 1 14 18 18 25 13 6 10 1 17 21 6 19 19 17 19 24 12 
8 31
25 10 1 14 12 2 16 15 
