100
13 19
9 15 13 18 24 13 11 19 19 16 16 16 20 
16 5
4 22 25 20 25 7 12 14 17 18 6 18 12 16 13 21 
24 13
21 1 20 18 20 23 6 24 22 23 8 24 1 4 15 11 5 16 12 15 20 7 15 18 
12 3
4 6 10 8 24 9 9 15 10 1 10 2 
9 3
16 23 16 20 24 1 5 24 16 
16 19
2 6 4 12 1 6 2 19 11 23 25 18 20 6 1 21 
19 13
15 2 23 4 2 6 1 23 14 15 20 18 21 3 14 23 19 15 19 
24 19
18 2 24 17 7 11 16 4 22 6 14 4 3 22 23 8 24 7 12 3 24 20 4 25 
18 13
24 9 12 3 6 8 19 7 22 3 23 1 25 20 17 7 17 14 
1 11
3 
25 19
21 2 12 22 20 3 18 24 16 17 21 3 14 18 14 18 11 11 11 3 18 24 24 3 18 
23 31
23 13 18 3 5 3 1 11 8 2 9 19 19 2 11 5 13 9 23 22 18 12 1 
15 23
5 21 3 21 19 17 21 18 5 18 15 24 12 18 21 
5 5
5 7 5 3 2 
11 3
21 8 15 4 5 11 18 18 5 4 12 
23 31
8 16 10 16 10 21 11 6 1 2 3 16 18 5 19 1 14 14 11 23 9 12 10 
17 13
3 17 11 12 3 19 19 24 22 22 11 16 11 17 22 21 25 
2 3
3 17 
4 13
24 15 10 21 
21 17
10 11 1 15 18 22 20 13 6 16 3 1 15 1 24 8 14 12 19 25 16 
15 31
3 8 4 20 11 23 21 16 24 22 8 19 14 24 6 
15 3
2 20 6 2 18 25 3 17 4 2 24 15 8 7 15 
13 31
8 15 4 1 19 25 25 2 24 1 3 21 15 
24 31
4 24 2 11 11 10 12 23 13 5 14 13 1 16 16 13 16 4 24 19 8 20 1 16 
25 5
14 10 15 1 4 8 3 19 16 8 9 14 5 13 9 19 17 7 23 9 17 13 6 15 21 
9 19
13 4 2 5 17 5 7 13 24 
21 7
3 9 20 1 11 7 2 19 9 20 14 23 3 17 25 1 22 25 11 8 12 
4 31
22 19 13 12 
12 17
4 17 23 7 1 23 19 25 6 12 2 5 
14 31
18 2 6 15 25 19 6 24 5 5 21 12 6 16 
13 2
1 19 8 24 10 19 18 18 15 25 22 6 25 
21 7
12 5 24 16 24 16 24 16 14 13 22 21 4 19 7 2 5 4 3 3 16 
23 2
21 25 10 19 11 19 4 8 9 21 19 11 24 22 11 2 8 12 7 25 1 4 25 
19 29
13 23 21 3 4 8 21 7 4 15 13 8 3 9 1 5 16 11 18 
7 19
11 20 17 14 4 3 8 
20 5
3 10 18 6 22 23 5 21 11 18 22 18 15 8 16 12 11 9 21 21 
21 17
23 6 9 20 21 13 25 15 7 22 21 5 10 13 13 9 7 10 11 14 2 
2 7
9 4 
14 17
14 5 17 19 8 8 24 20 1 19 19 16 7 3 
22 29
4 12 6 6 13 21 14 22 16 20 3 2 5 16 16 4 23 12 11 13 10 11 
8 17
20 17 14 20 22 22 25 15 
9 23
12 20 19 24 11 11 21 3 5 
2 17
21 22 
14 19
2 24 18 10 10 2 21 21 2 8 1 21 21 16 
2 2
8 1 
22 31
13 7 6 6 20 4 14 20 7 11 14 2 14 16 14 15 7 16 4 19 9 10 
18 17
7 7 8 16 7 13 11 25 9 2 3 7 25 13 9 8 25 25 
7 19
22 17 14 12 21 13 17 
1 31
15 
13 29
6 22 18 2 13 10 3 6 17 19 15 1 5 
21 29
7 1 7 3 5 2 13 25 18 13 5 12 6 6 24 12 13 9 7 19 4 
11 13
17 23 1 18 5 14 25 10 9 19 12 
6 23
12 14 20 20 21 9 
7 13
9 16 20 5 5 1 16 
8 29
17 10 12 1 5 2 21 5 
21 5
10 25 25 2 11 1 8 22 21 12 18 19 6 17 4 12 4 19 11 1 2 
8 3
22 20 13 15 9 5 5 10 
1 17
7 
7 5
6 8 5 3 8 5 7 
7 29
2 9 20 9 15 25 22 
11 13
23 24 25 25 16 4 8 19 16 5 15 
25 17
21 25 7 23 19 23 18 14 17 10 3 22 24 15 18 16 5 16 12 25 5 3 22 18 12 
13 29
18 19 10 7 18 14 19 13 6 16 25 18 1 
11 29
22 23 20 2 9 17 23 4 1 24 24 
11 19
2 11 10 7 17 2 2 1 20 25 6 
25 3
7 16 18 2 7 8 10 13 24 20 9 24 5 25 9 10 9 10 3 17 23 6 22 20 6 
24 2
11 5 25 5 14 7 5 16 23 7 23 20 20 16 19 14 17 19 25 20 19 24 3 19 
7 13
15 20 18 19 5 15 10 
16 5
9 1 5 17 25 11 21 20 17 23 25 4 21 11 10 18 
12 23
10 17 5 4 10 16 20 21 15 21 6 15 
18 13
7 21 18 14 3 25 2 13 14 11 18 3 19 22 21 21 2 1 
15 31
18 21 13 9 20 24 21 14 21 18 3 22 25 2 20 
16 31
12 23 18 23 6 21 4 21 14 16 22 7 16 22 14 14 
7 29
13 10 13 16 3 18 20 
15 3
22 14 21 20 6 22 12 4 15 11 20 19 13 23 21 
1 29
10 
15 29
7 5 4 2 17 18 14 21 6 13 4 20 6 6 24 
15 17
16 21 4 2 22 14 11 2 2 2 22 3 21 19 19 
25 23
25 19 18 12 21 9 1 25 11 9 20 2 18 6 10 2 19 25 2 22 18 8 1 24 24 
2 29
17 21 
23 17
9 4 12 5 24 15 1 5 9 10 15 9 10 13 2 23 18 12 13 11 10 6 24 
2 5
18 18 
3 29
3 7 22 
23 17
23 14 10 11 13 18 12 24 22 19 5 10 9 1 20 22 10 22 16 24 23 6 12 
18 3
3 13 13 13 24 21 2 3 3 12 17 19 22 1 22 4 21 3 
20 31
9 16 24 6 12 18 10 20 13 6 17 18 21 17 23 19 13 7 22 19 
5 31
2 25 11 24 19 
5 3
11 10 18 18 6 
12 7
14 20 17 15 18 24 7 4 12 5 9 3 
24 29
17 2 19 2 14 22 19 12 14 24 10 3 20 25 12 16 4 1 21 5 11 13 4 16 
24 31
21 19 21 15 11 13 22 2 4 8 15 1 19 7 23 10 8 20 10 16 12 20 7 11 
12 29
17 21 22 24 8 11 12 9 2 21 25 25 
20 2
8 23 24 4 25 3 23 5 5 25 5 23 7 18 22 24 21 17 12 16 
18 5
5 9 12 3 1 8 14 8 20 14 6 12 21 19 13 17 16 3 
21 29
8 11 5 25 2 7 1 18 14 12 10 24 25 1 1 7 25 3 2 2 7 
2 31
10 21 
9 29
1 7 23 14 18 15 13 3 6 
8 29
12 7 22 4 5 5 19 21 
22 19
19 9 7 8 2 23 15 1 11 4 25 16 9 11 22 7 20 17 25 19 14 3 
8 17
8 13 5 19 21 9 13 3 
