100
15 3
11 23 25 13 13 2 7 6 24 18 12 6 21 16 8 
6 29
17 3 16 5 5 8 
2 7
16 11 
19 19
10 7 2 11 20 8 23 16 15 6 11 15 20 5 8 18 20 25 13 
1 17
22 
3 5
5 19 3 
22 13
22 5 19 25 2 8 5 22 13 22 14 1 5 16 9 7 2 23 19 19 15 10 
21 13
25 17 25 21 17 1 17 15 8 23 7 22 13 3 20 3 11 25 5 7 3 
23 23
12 2 13 16 1 13 20 13 19 24 18 23 16 25 25 11 1 4 15 12 9 20 10 
3 7
6 16 3 
4 5
12 17 22 8 
6 5
8 22 6 17 22 6 
9 7
10 7 4 11 22 24 17 19 4 
9 7
21 7 19 16 17 15 22 24 24 
2 2
15 13 
2 23
7 9 
1 19
4 
3 23
11 5 23 
10 29
23 3 15 23 8 25 19 21 8 21 
4 2
14 8 21 22 
21 17
18 25 1 2 15 21 2 9 23 6 23 21 21 17 22 4 2 25 1 12 24 
8 13
18 20 4 14 20 20 1 20 
2 19
11 18 
7 11
15 23 11 14 5 9 16 
20 7
12 1 19 8 6 4 10 11 12 18 6 9 10 16 4 17 1 8 18 24 
7 31
20 9 14 24 8 22 24 
7 3
18 18 9 1 3 20 7 
20 29
4 25 13 18 15 20 6 22 19 4 13 17 23 12 13 13 25 8 11 11 
12 13
9 3 6 18 12 15 4 23 19 24 24 25 
2 11
14 9 
11 7
20 9 12 16 4 15 11 15 25 13 12 
11 11
25 15 9 6 9 10 14 16 13 8 6 
25 7
22 6 4 10 20 6 14 9 14 23 12 3 2 2 10 2 8 2 6 25 23 3 1 9 18 
24 17
13 6 8 14 21 13 13 23 3 2 12 16 11 4 11 10 5 11 9 11 25 19 8 16 
24 31
11 3 3 19 25 15 17 11 16 13 16 24 15 19 3 22 19 15 11 11 21 19 21 9 
16 2
17 4 17 7 4 3 10 21 10 1 10 7 21 1 6 17 
22 29
23 20 12 22 3 20 5 14 9 5 16 18 8 6 1 13 11 7 7 13 2 16 
24 7
21 9 16 14 24 20 21 22 16 23 10 11 17 18 6 1 15 3 16 7 14 20 1 25 
17 2
17 7 24 6 1 4 20 7 11 24 22 9 2 5 23 9 17 
4 31
8 3 4 4 
18 29
21 4 7 14 4 15 8 3 1 22 18 17 12 18 25 20 24 14 
2 7
23 8 
19 23
20 21 21 1 3 10 1 15 12 10 19 2 1 7 11 21 17 11 10 
23 31
22 23 15 9 12 7 8 24 21 1 4 25 18 22 3 16 9 7 15 7 9 10 23 
6 7
7 1 15 5 16 7 
7 29
15 16 17 6 18 9 12 
22 31
16 14 16 24 4 23 6 13 10 22 6 12 6 10 16 14 23 21 3 11 25 14 
13 17
13 15 15 5 23 23 12 5 5 10 15 11 7 
15 5
24 14 17 9 25 18 4 2 1 3 22 8 4 15 2 
22 2
17 12 12 18 7 5 23 4 7 9 12 10 15 23 11 5 9 15 11 18 16 12 
15 2
9 11 12 19 12 3 14 3 10 8 3 22 25 24 9 
14 3
10 14 10 22 23 7 16 13 14 5 20 4 2 13 
10 17
14 12 1 23 7 4 21 17 4 16 
23 13
10 10 12 16 7 12 23 21 15 18 20 8 6 16 1 25 16 15 7 25 8 15 4 
18 29
15 23 23 22 13 2 21 24 15 6 18 14 7 8 12 19 25 11 
19 29
7 1 19 7 20 19 20 11 22 25 25 2 19 8 3 22 22 15 17 
16 5
6 24 2 24 18 13 21 11 25 25 1 6 1 4 9 21 
18 29
12 18 23 17 5 8 22 8 4 8 12 6 22 5 2 6 8 21 
12 13
13 8 10 24 7 24 21 3 10 6 4 15 
10 29
7 11 2 19 13 7 19 20 11 9 
22 31
18 12 2 11 8 18 9 19 13 19 6 3 23 13 20 4 23 1 23 15 15 9 
18 31
15 16 18 22 8 24 5 9 8 20 17 18 1 15 8 2 18 20 
12 11
13 16 22 25 10 19 22 4 15 20 18 21 
4 19
11 24 14 24 
11 31
3 4 25 19 8 13 4 4 23 9 22 
22 31
9 13 25 4 25 12 8 17 16 24 19 20 12 23 3 25 15 18 19 6 22 10 
11 31
6 20 7 1 7 10 20 5 16 10 19 
18 17
16 12 4 23 19 5 11 4 3 7 15 4 16 7 3 11 12 16 
25 11
11 20 22 16 19 10 7 7 19 13 1 3 8 2 10 23 25 18 2 10 13 17 7 22 14 
19 31
11 10 20 8 23 3 22 16 14 13 10 19 3 2 16 20 24 10 18 
2 23
1 3 
10 31
4 4 21 16 2 3 21 12 9 18 
19 23
19 8 7 25 9 24 13 22 14 20 2 13 10 3 10 20 9 4 15 
15 29
14 10 16 16 18 17 12 18 7 6 3 8 5 9 2 
7 19
10 5 10 11 3 17 9 
23 17
13 16 25 14 10 16 3 22 7 3 2 16 6 8 17 7 4 2 2 24 14 15 13 
8 11
2 8 18 4 14 10 4 20 
4 11
6 20 8 15 
2 19
5 20 
13 31
25 25 2 7 20 25 14 12 18 14 13 23 10 
17 13
8 11 6 8 24 15 22 10 19 4 4 12 3 20 13 2 6 
19 23
5 8 11 16 5 21 23 6 24 15 5 17 4 6 13 18 22 8 5 
1 29
8 
1 3
3 
10 2
12 16 15 13 7 21 21 16 20 10 
8 5
4 21 21 12 6 20 11 19 
25 11
1 8 6 10 16 14 19 10 18 7 3 22 7 11 9 4 12 2 11 15 4 19 23 25 13 
12 7
10 9 14 25 17 5 15 9 11 12 3 3 
6 2
24 20 12 12 13 14 
20 2
13 21 10 8 14 4 25 8 16 2 23 19 5 4 20 16 5 1 11 8 
9 5
19 2 17 22 25 21 22 10 12 
17 2
22 2 14 11 17 19 2 2 5 23 25 1 21 19 9 15 18 
5 11
20 15 2 18 12 
24 13
14 13 24 21 23 10 3 9 1 24 17 11 11 5 9 9 20 1 11 2 11 12 21 20 
17 3
16 23 25 12 11 5 20 11 15 13 11 1 1 8 14 3 16 
8 5
6 16 15 4 11 2 8 1 
16 11
6 7 18 21 22 3 4 24 1 23 5 17 4 19 20 4 
24 17
9 19 18 23 5 15 17 4 6 15 6 23 9 15 17 16 4 14 8 13 10 4 9 6 
14 29
5 18 24 15 16 10 12 7 10 16 2 7 2 15 
9 7
18 11 18 16 8 2 14 15 9 
