100
10 17
19 19 18 11 3 17 1 23 23 25 
22 7
1 1 11 5 15 21 14 5 8 1 19 7 1 2 9 22 24 10 21 19 3 1 
4 13
15 20 24 12 
4 3
9 24 5 14 
24 5
21 22 13 17 25 2 21 22 10 6 18 6 1 14 25 23 21 13 15 18 1 19 14 16 
10 2
18 5 25 7 22 14 6 15 3 3 
10 31
12 22 5 1 18 20 22 12 17 7 
13 19
6 14 23 2 16 9 25 7 8 21 25 7 21 
17 23
2 12 20 10 13 2 19 2 11 12 25 10 22 16 9 22 2 
20 7
16 9 13 16 4 3 5 22 7 22 6 10 4 22 12 24 17 8 2 18 
1 23
5 
20 5
23 4 14 16 15 16 19 3 23 16 13 25 23 6 17 11 5 6 12 23 
8 17
3 1 20 19 8 7 24 10 
7 19
17 14 8 16 15 15 25 
18 31
24 3 12 1 1 12 3 11 1 3 14 19 9 11 5 7 1 5 
2 31
19 12 
25 3
19 25 2 10 9 14 25 21 16 2 8 24 5 3 15 22 4 21 19 20 18 8 4 16 6 
22 19
23 19 22 23 18 24 12 21 23 18 5 5 9 7 9 11 9 16 6 12 4 13 
8 3
7 7 11 2 19 23 20 12 
3 13
16 22 19 
6 29
7 23 19 16 11 16 
18 23
25 15 8 2 3 13 13 25 21 1 2 20 24 13 23 5 8 5 
3 11
10 7 19 
6 31
8 1 16 25 8 1 
8 3
12 7 9 2 6 9 23 1 
15 11
19 1 8 12 23 4 18 3 1 24 13 16 14 15 11 
14 29
7 9 13 5 13 19 24 5 23 1 9 18 1 25 
10 13
22 9 7 9 20 22 1 2 17 2 
7 2
10 11 3 14 20 5 20 
9 3
7 13 10 8 21 24 15 4 7 
5 7
8 11 3 2 12 
14 31
16 3 1 14 4 12 2 4 21 1 6 23 10 17 
10 23
18 8 24 22 10 25 24 14 21 22 
4 29
1 4 22 6 
20 2
10 13 1 25 22 13 3 5 25 20 11 5 24 19 17 1 7 15 11 24 
24 17
11 19 1 10 11 13 16 7 21 12 18 1 10 15 8 11 17 21 23 1 12 5 13 3 
5 29
3 24 9 18 10 
18 31
24 14 8 12 20 4 14 12 13 25 15 13 21 9 17 5 21 2 
9 19
7 7 7 18 19 20 15 9 17 
25 23
24 6 9 5 24 17 7 6 1 1 19 2 18 17 4 16 9 13 19 16 15 2 13 7 7 
16 5
2 22 18 21 22 15 7 24 16 9 23 9 17 18 14 22 
21 23
22 13 10 11 21 1 19 17 23 10 18 24 9 20 17 18 13 11 22 13 22 
20 17
14 7 5 9 21 20 24 2 20 19 4 14 18 14 5 21 11 25 18 3 
6 7
13 11 15 5 4 16 
18 31
19 25 16 9 7 2 19 13 2 10 13 13 20 24 8 10 17 10 
7 5
7 10 9 17 23 19 5 
15 7
15 24 14 6 11 10 8 8 19 5 7 19 15 8 11 
23 31
5 1 6 22 1 7 14 10 14 5 16 23 11 13 12 20 2 7 12 10 3 23 13 
22 3
14 7 12 10 2 2 4 1 21 17 11 13 13 18 23 12 15 23 15 9 16 15 
11 5
19 11 15 8 13 5 20 9 24 10 8 
16 2
21 2 14 1 13 5 5 8 11 15 8 16 6 8 3 5 
25 17
4 5 7 21 23 5 12 19 15 7 21 3 1 9 10 1 10 3 18 1 16 14 25 19 22 
20 3
17 3 14 5 11 18 22 11 6 20 25 6 23 2 20 16 9 3 25 22 
4 19
3 4 16 25 
22 5
20 9 10 4 25 11 12 7 17 5 21 18 17 17 4 16 15 20 7 18 12 9 
16 11
23 4 7 15 5 16 10 13 20 16 20 12 1 24 20 13 
15 13
19 19 15 11 9 13 18 22 3 22 25 19 3 21 20 
17 3
9 4 5 16 10 10 16 25 12 11 9 9 22 1 22 24 10 
2 23
15 15 
14 2
9 24 19 10 7 25 7 19 24 9 18 21 15 9 
21 31
11 4 7 6 9 3 10 3 21 8 18 24 23 22 12 24 6 13 1 1 12 
3 5
2 20 9 
18 31
20 24 8 14 17 15 17 10 6 23 11 17 20 25 13 22 4 21 
22 11
10 11 19 20 8 17 17 9 17 6 6 13 19 20 5 21 1 3 17 9 10 3 
14 13
19 25 15 17 24 12 8 16 15 8 20 15 9 9 
8 13
12 22 20 23 12 21 3 13 
24 29
9 14 24 24 25 7 9 18 19 5 22 25 22 6 5 5 12 22 3 21 5 15 20 13 
13 19
9 22 22 21 25 14 6 3 1 20 20 3 10 
21 17
1 20 7 23 19 8 23 15 9 16 19 8 22 17 22 2 18 6 16 16 25 
1 7
14 
25 17
20 8 7 6 1 14 22 4 18 12 25 13 14 11 19 10 18 22 22 6 11 1 12 13 18 
20 23
21 24 8 15 20 1 7 10 3 6 7 14 10 4 7 2 25 15 23 9 
16 2
8 23 11 4 2 6 5 12 18 13 9 8 14 1 14 9 
17 7
18 3 16 18 12 12 3 19 8 9 1 11 3 1 16 10 15 
24 7
15 20 3 13 2 11 3 5 15 23 5 5 12 4 24 16 13 23 3 13 18 18 15 16 
7 13
3 20 23 20 8 6 25 
13 2
4 18 18 1 25 7 12 6 25 21 3 14 6 
10 7
18 11 18 15 15 12 23 12 3 1 
22 7
11 12 14 8 6 14 23 8 10 8 4 9 25 12 1 22 8 4 14 6 16 4 
19 5
9 8 5 16 7 21 17 6 1 20 4 2 11 18 23 16 8 15 4 
3 19
20 2 9 
3 2
14 6 18 
11 29
17 1 9 21 16 4 16 9 13 13 8 
11 5
14 19 23 11 23 13 21 16 23 12 9 
22 3
8 15 22 21 23 16 21 18 22 7 14 11 14 5 19 4 13 1 7 6 3 23 
16 5
22 23 9 11 18 23 6 7 15 20 14 12 2 21 16 2 
4 31
8 4 5 10 
9 11
7 21 16 9 10 15 16 11 9 
19 19
17 6 23 5 8 16 7 13 6 22 6 19 25 13 8 8 12 13 25 
4 11
15 3 4 10 
21 19
3 24 13 8 10 19 6 7 11 14 22 15 13 24 24 5 21 21 25 10 8 
23 31
11 25 21 15 5 18 17 12 10 10 25 9 22 11 2 7 24 22 18 5 8 20 9 
17 31
12 9 2 21 22 10 5 7 11 15 13 14 7 22 25 4 20 
25 7
23 21 7 10 11 17 7 17 19 10 17 18 6 23 12 12 12 14 5 22 2 6 6 25 8 
16 7
14 6 14 20 23 10 5 8 16 23 9 17 20 25 24 24 
24 7
19 1 24 19 2 13 7 14 2 8 18 12 17 15 10 6 24 11 17 19 10 5 9 3 
19 11
12 14 21 2 13 13 4 23 23 24 8 18 21 25 12 9 3 17 15 
12 5
4 20 20 15 20 9 9 16 20 23 21 2 
16 3
20 13 22 3 9 24 12 12 11 24 12 24 10 6 3 5 
24 23
24 8 19 14 8 16 18 6 12 21 23 21 14 22 10 12 10 24 2 25 15 2 2 23 
