100
5 2
1 6 15 10 11 
12 19
8 9 12 13 6 4 2 3 2 10 2 8 
9 3
11 10 11 7 4 4 13 8 11 
10 3
14 14 4 3 11 2 3 12 12 1 
1 29
14 
14 2
9 12 8 4 1 1 2 3 4 11 4 11 9 12 
1 19
15 
9 2
15 11 10 3 8 4 14 14 4 
11 19
6 14 2 5 7 5 6 12 13 12 8 
10 31
5 11 11 13 8 9 3 11 8 7 
10 7
6 4 8 12 14 13 2 9 13 15 
10 23
5 15 11 2 9 13 11 1 4 13 
7 31
8 1 1 14 2 14 2 
12 17
14 7 14 9 6 9 1 6 6 4 14 12 
10 17
10 11 9 12 9 14 15 12 2 6 
6 7
8 12 12 10 4 1 
2 17
3 5 
14 19
13 4 9 11 1 7 14 2 1 2 13 1 14 2 
7 5
11 14 7 6 9 4 3 
14 19
12 8 5 13 2 10 11 8 14 15 11 4 14 4 
12 11
1 9 13 6 1 3 14 14 10 5 8 3 
4 5
1 11 15 10 
12 31
7 13 11 11 2 9 5 5 14 9 13 11 
11 17
8 9 13 13 6 8 12 12 11 3 5 
15 31
5 1 13 8 5 1 5 12 12 3 14 1 8 3 5 
7 19
9 10 8 7 15 9 8 
10 29
15 14 3 11 13 10 14 6 12 10 
4 31
11 5 12 2 
8 2
11 13 3 15 8 3 15 12 
3 7
15 1 4 
12 7
13 13 6 2 1 10 4 12 15 5 7 6 
1 13
7 
3 29
3 11 3 
7 17
15 12 6 3 2 15 9 
4 29
7 9 8 10 
12 13
12 2 5 5 9 13 6 12 7 14 8 14 
13 17
9 7 12 14 1 9 14 5 13 10 10 1 1 
11 2
13 10 3 11 4 3 3 2 10 12 12 
6 31
3 4 14 13 3 12 
11 17
4 4 3 7 9 2 7 12 15 14 9 
14 23
9 15 12 10 10 15 14 12 3 11 11 9 14 10 
6 19
15 2 13 11 2 8 
6 31
14 12 13 1 13 7 
8 23
14 3 8 3 1 4 8 2 
2 11
12 4 
4 5
1 4 6 11 
8 17
11 10 8 10 9 4 12 11 
11 3
7 3 5 15 7 7 10 6 4 1 15 
5 23
10 10 9 5 7 
11 5
2 11 14 6 8 5 2 5 6 6 2 
9 7
4 15 2 13 11 14 7 5 11 
4 19
7 5 4 13 
9 3
9 3 8 11 5 10 3 4 6 
7 13
2 11 13 7 8 13 14 
5 13
9 12 6 7 12 
15 17
1 1 13 12 9 4 14 2 14 15 6 5 12 15 8 
8 2
7 4 2 15 6 5 11 15 
5 5
11 12 13 3 4 
3 19
9 14 1 
3 17
14 9 2 
4 7
8 4 8 14 
14 19
9 2 15 10 3 15 10 6 4 1 10 4 7 12 
7 7
13 9 11 13 6 13 10 
7 23
15 12 11 1 4 3 13 
8 2
2 14 11 1 5 13 4 3 
12 11
8 15 5 2 1 7 2 6 14 2 11 13 
1 5
10 
9 19
6 10 11 7 8 15 5 2 4 
6 23
12 9 2 14 9 1 
7 19
14 8 11 10 11 8 4 
1 13
3 
4 5
10 14 9 3 
1 31
13 
11 23
8 9 11 8 15 6 2 5 14 1 5 
7 23
9 1 1 6 11 5 9 
1 11
11 
9 2
14 12 11 4 7 14 7 7 7 
8 7
1 5 3 6 7 8 12 8 
11 17
13 14 2 5 9 1 8 12 4 10 2 
13 29
12 8 9 15 3 10 4 1 1 4 1 3 8 
12 2
3 15 4 11 8 12 6 15 12 15 12 10 
1 5
4 
7 13
10 5 8 10 10 1 15 
3 29
5 12 7 
1 3
6 
15 11
5 3 13 11 15 9 7 10 6 11 3 4 6 14 1 
9 5
5 2 2 15 10 6 11 8 7 
3 13
3 10 2 
4 7
3 10 14 6 
6 13
6 8 5 13 15 1 
9 11
5 8 13 4 14 6 3 15 4 
11 23
10 2 4 6 3 2 8 4 12 2 10 
14 31
9 10 9 12 14 4 2 1 2 5 3 6 14 15 
14 13
14 10 3 4 6 7 9 13 6 11 5 8 15 8 
8 11
6 5 4 2 2 8 3 2 
14 5
9 7 6 15 3 7 11 1 1 6 12 5 7 12 
11 29
6 11 4 15 15 9 12 9 3 2 10 
15 17
12 12 5 15 5 15 14 12 8 1 15 13 8 6 15 
6 5
6 15 4 2 9 13 
8 5
15 10 4 1 15 2 6 4 
